[{'lo_frequency_channel_one': 686.924,
  'mixing_window_length': 256,
  'power_spectrum_channel_one': [5.48639e-06,
   1.10161e-05,
   1.09359e-05,
   1.09678e-05,
   1.09617e-05,
   1.07417e-05,
   1.07844e-05,
   1.08335e-05,
   1.09975e-05,
   1.07045e-05,
   1.08895e-05,
   1.08248e-05,
   1.09875e-05,
   1.06638e-05,
   1.08293e-05,
   1.07732e-05,
   1.08089e-05,
   1.08283e-05,
   1.09242e-05,
   1.09493e-05,
   1.09952e-05,
   1.08792e-05,
   1.09046e-05,
   1.07548e-05,
   1.10329e-05,
   1.07263e-05,
   1.07659e-05,
   1.08783e-05,
   1.09488e-05,
   1.07101e-05,
   1.08606e-05,
   1.07511e-05,
   1.05376e-05,
   1.0723e-05,
   1.06693e-05,
   1.0758e-05,
   1.07919e-05,
   1.06606e-05,
   1.08195e-05,
   1.08519e-05,
   1.08298e-05,
   1.10012e-05,
   1.07983e-05,
   1.07646e-05,
   1.08311e-05,
   1.04175e-05,
   1.07118e-05,
   1.08846e-05,
   1.08558e-05,
   1.08995e-05,
   1.07358e-05,
   1.08331e-05,
   1.07549e-05,
   1.06404e-05,
   1.05457e-05,
   1.05682e-05,
   1.06819e-05,
   1.07583e-05,
   1.06273e-05,
   1.06139e-05,
   1.06329e-05,
   1.06843e-05,
   1.06574e-05,
   1.06716e-05,
   1.08532e-05,
   1.05143e-05,
   1.07782e-05,
   1.05814e-05,
   1.0888e-05,
   1.07701e-05,
   1.06517e-05,
   1.06475e-05,
   1.05889e-05,
   1.07518e-05,
   1.07376e-05,
   1.07435e-05,
   1.05688e-05,
   1.08167e-05,
   1.0715e-05,
   1.06397e-05,
   1.07721e-05,
   1.07802e-05,
   1.07938e-05,
   1.08442e-05,
   1.06043e-05,
   1.07635e-05,
   1.07604e-05,
   1.07603e-05,
   1.05207e-05,
   1.06082e-05,
   1.07758e-05,
   1.0727e-05,
   1.06748e-05,
   1.07588e-05,
   1.0756e-05,
   1.0544e-05,
   1.07799e-05,
   1.05674e-05,
   1.07712e-05,
   1.0676e-05,
   1.0765e-05,
   1.07439e-05,
   1.05816e-05,
   1.06906e-05,
   1.0644e-05,
   1.07196e-05,
   1.09063e-05,
   1.06654e-05,
   1.07452e-05,
   1.06233e-05,
   1.08819e-05,
   1.06602e-05,
   1.06476e-05,
   1.06704e-05,
   1.08896e-05,
   1.06092e-05,
   1.0682e-05,
   1.1004e-05,
   1.07414e-05,
   1.07442e-05,
   1.06916e-05,
   1.07445e-05,
   1.08079e-05,
   1.09619e-05,
   1.0809e-05,
   1.07338e-05,
   1.07686e-05,
   1.07939e-05,
   1.07708e-05,
   1.07107e-05,
   1.07288e-05,
   1.07241e-05,
   1.07671e-05,
   1.06195e-05,
   1.08193e-05,
   1.05852e-05,
   1.05997e-05,
   1.08067e-05,
   1.07055e-05,
   1.0721e-05,
   1.09154e-05,
   1.07783e-05,
   1.06124e-05,
   1.07489e-05,
   1.09274e-05,
   1.07463e-05,
   1.08774e-05,
   1.0711e-05,
   1.077e-05,
   1.05913e-05,
   1.08129e-05,
   1.07968e-05,
   1.09375e-05,
   1.08305e-05,
   1.09405e-05,
   1.06306e-05,
   1.07547e-05,
   1.08861e-05,
   1.09611e-05,
   1.07555e-05,
   1.09145e-05,
   1.085e-05,
   1.07544e-05,
   1.09153e-05,
   1.08717e-05,
   1.0791e-05,
   1.09984e-05,
   1.09039e-05,
   1.09248e-05,
   1.10245e-05,
   1.10812e-05,
   1.10242e-05,
   1.08491e-05,
   1.10168e-05,
   1.09493e-05,
   1.09499e-05,
   1.0927e-05,
   1.11667e-05,
   1.10092e-05,
   1.09956e-05,
   1.10104e-05,
   1.08246e-05,
   1.10836e-05,
   1.10931e-05,
   1.10474e-05,
   1.09497e-05,
   1.11225e-05,
   1.11838e-05,
   1.11698e-05,
   1.09344e-05,
   1.12038e-05,
   1.09781e-05,
   1.10106e-05,
   1.11261e-05,
   1.1103e-05,
   1.10281e-05,
   1.10298e-05,
   1.10576e-05,
   1.11886e-05,
   1.10777e-05,
   1.11223e-05,
   1.1216e-05,
   1.12064e-05,
   1.11316e-05,
   1.11704e-05,
   1.09838e-05,
   1.12035e-05,
   1.10146e-05,
   1.13754e-05,
   1.11478e-05,
   1.11031e-05,
   1.11749e-05,
   1.13207e-05,
   1.1056e-05,
   1.11604e-05,
   1.11431e-05,
   1.12389e-05,
   1.13417e-05,
   1.13701e-05,
   1.12097e-05,
   1.13091e-05,
   1.12431e-05,
   1.14902e-05,
   1.11088e-05,
   1.16597e-05,
   1.11726e-05,
   1.12869e-05,
   1.15929e-05,
   1.1452e-05,
   1.14995e-05,
   1.13062e-05,
   1.13428e-05,
   1.14236e-05,
   1.15562e-05,
   1.16491e-05,
   1.14137e-05,
   1.15085e-05,
   1.15801e-05,
   1.15891e-05,
   1.13752e-05,
   1.15603e-05,
   1.14819e-05,
   1.15059e-05,
   1.12741e-05,
   1.1563e-05,
   1.17196e-05,
   1.15714e-05,
   1.12573e-05,
   1.15055e-05,
   1.1548e-05,
   1.16059e-05,
   1.16622e-05,
   1.14556e-05,
   1.15757e-05,
   1.15324e-05,
   1.17157e-05],
  'start_frequency_channel_one': 697.58216879272,
  'stop_frequency_channel_one': 697.60658285522}]
